503 1257
0 1
0 2
0 3
0 4
0 5
0 6
0 7
0 8
0 9
0 10
1 3
1 8
1 11
2 4
2 5
2 12
3 11
3 13
4 8
4 10
4 20
5 6
5 12
5 14
5 15
6 7
6 14
6 16
6 17
7 9
7 16
7 17
7 18
8 10
8 20
8 21
9 10
9 17
9 18
9 19
9 22
10 20
10 21
10 22
10 23
11 13
12 15
12 24
13 25
13 26
14 15
14 27
15 28
16 17
16 29
17 30
17 31
17 32
18 19
18 33
18 34
19 33
19 34
19 35
20 21
20 22
20 23
20 36
20 37
20 38
20 39
21 22
21 23
21 37
22 23
22 37
22 40
23 36
23 37
23 39
23 40
23 41
24 28
24 42
24 43
24 44
25 49
26 50
26 51
26 52
26 53
27 54
27 55
27 56
27 57
28 54
28 58
29 55
29 59
29 60
30 61
30 62
31 32
31 63
31 64
32 64
32 65
32 66
33 34
33 45
33 46
34 45
34 46
34 47
34 48
35 67
35 68
36 39
36 69
36 70
36 72
36 73
37 39
37 40
37 70
38 39
38 72
38 73
38 74
38 75
38 76
38 77
39 69
39 70
39 72
39 73
39 77
40 41
40 71
41 71
42 43
42 44
43 44
44 78
45 46
45 47
45 48
46 47
46 48
46 79
47 48
47 78
47 80
48 78
48 80
49 81
49 82
50 51
50 82
50 83
50 84
51 52
51 53
51 82
51 84
52 53
52 84
52 85
52 86
53 84
53 85
53 86
53 87
53 88
54 57
54 58
55 89
55 90
56 57
56 90
56 91
56 92
56 102
57 58
57 91
57 102
57 103
59 60
59 89
59 93
59 94
60 62
60 94
60 95
61 96
61 97
62 95
62 98
63 104
63 105
63 106
63 107
63 108
64 65
64 66
64 99
64 100
64 101
65 66
65 99
66 99
66 100
66 101
67 68
67 109
68 109
68 110
69 71
70 71
72 73
72 77
73 75
73 77
74 75
74 76
74 77
74 112
75 76
75 77
76 77
76 113
78 80
79 80
79 115
79 116
79 117
80 116
80 117
81 119
81 120
81 121
82 83
82 84
82 122
83 122
85 86
85 87
85 123
86 87
86 123
86 124
87 88
87 123
88 123
88 125
88 126
88 127
89 90
89 121
89 128
90 119
90 121
91 129
91 130
91 131
92 100
92 101
92 129
92 131
92 132
93 94
93 128
93 133
94 95
94 134
95 98
95 134
95 135
96 97
96 136
96 137
96 138
97 98
97 136
97 137
97 138
97 139
97 140
98 139
99 141
99 142
100 101
100 132
100 142
100 143
100 144
101 132
101 142
101 144
101 145
102 103
102 147
102 148
103 149
104 106
104 107
104 108
104 111
105 106
105 109
105 110
105 111
106 107
106 111
107 108
107 147
107 148
108 147
108 148
108 150
109 110
109 111
110 111
112 114
113 114
115 116
115 117
115 118
116 117
116 118
117 118
119 120
119 151
120 121
120 122
121 169
122 169
122 170
123 124
123 146
124 138
124 140
125 126
125 146
125 171
126 127
126 171
126 172
127 171
127 172
127 173
127 174
128 169
128 175
128 176
129 130
129 131
129 132
129 143
129 178
129 179
130 131
130 151
130 152
130 153
130 154
130 179
130 180
131 132
131 143
131 178
131 179
131 180
132 143
133 155
133 175
134 139
134 155
134 156
134 157
134 158
135 141
135 156
135 157
135 158
135 159
135 160
136 139
136 140
137 138
137 140
137 146
138 140
140 146
141 142
141 161
141 162
142 144
142 162
142 163
142 164
143 144
144 162
144 163
144 164
144 165
145 162
145 166
145 167
145 168
147 148
147 149
147 150
147 181
148 149
148 150
148 181
149 150
149 182
150 182
151 152
151 153
151 154
152 154
153 154
153 183
154 183
155 156
155 158
155 184
156 158
156 185
157 158
157 159
157 164
158 159
159 160
160 161
160 162
160 186
160 187
161 162
161 187
161 188
162 163
162 166
162 168
163 164
163 165
163 189
164 165
164 189
164 190
165 189
165 190
165 191
166 167
166 168
167 168
167 192
169 170
169 176
170 176
170 177
171 172
171 174
172 173
172 174
172 177
173 174
173 177
174 177
175 176
176 177
178 179
178 180
179 180
181 182
183 193
184 194
184 195
184 196
184 197
184 198
185 199
185 200
185 201
185 202
186 187
186 188
186 203
186 204
187 188
187 204
188 203
188 204
188 205
189 190
189 191
189 206
190 191
190 207
190 208
191 206
191 209
192 210
192 211
193 212
193 213
194 196
194 197
194 218
194 219
195 198
195 220
195 232
195 233
195 234
196 197
196 198
196 234
196 235
197 198
197 218
197 220
197 221
198 220
198 221
198 222
198 223
199 202
199 236
199 237
199 238
200 201
200 202
200 238
200 239
200 240
201 202
201 239
201 240
201 241
202 236
202 237
202 238
203 204
203 205
203 242
203 243
204 205
204 243
204 244
205 243
205 245
206 209
206 214
206 215
207 208
207 224
207 225
207 226
207 227
208 214
208 225
208 226
208 227
208 228
209 214
209 215
209 216
210 243
210 246
211 229
211 230
211 231
211 247
212 213
212 217
213 215
213 216
213 217
214 215
214 217
215 216
215 217
216 217
218 219
218 221
219 223
219 248
219 249
219 250
220 221
220 222
220 228
220 251
220 254
221 222
221 223
221 250
221 251
222 223
222 250
222 251
222 252
223 248
223 250
223 251
223 252
223 253
224 227
224 228
224 254
225 226
225 256
225 257
226 227
226 256
226 257
227 228
227 254
227 255
228 255
229 230
229 231
229 258
229 259
230 231
230 258
230 259
231 258
231 259
231 260
232 233
232 234
232 261
233 234
233 238
233 262
234 261
235 263
235 264
235 265
235 266
236 237
236 267
237 267
238 261
238 262
239 240
239 268
239 269
240 268
240 269
240 270
240 271
241 267
241 272
241 273
241 274
241 275
242 243
242 245
242 276
242 277
242 278
243 245
243 277
244 279
244 282
244 283
245 276
245 277
245 280
246 283
246 284
246 285
246 286
247 281
248 249
248 250
249 250
249 252
249 253
250 251
250 252
250 253
252 253
254 255
256 257
256 259
256 260
257 258
257 259
257 260
258 259
258 260
259 260
261 262
261 287
261 288
262 287
262 288
262 289
263 265
263 266
263 290
263 291
264 265
264 292
264 293
264 294
265 266
265 293
265 294
266 290
266 291
266 295
266 296
267 272
268 275
268 297
268 298
269 270
269 271
269 299
269 300
270 271
270 301
271 299
271 300
271 301
271 302
271 303
272 274
272 304
273 274
273 275
273 297
273 305
274 275
274 304
274 305
275 297
275 305
275 306
275 307
276 277
276 278
276 280
277 280
277 314
277 315
278 279
278 308
278 309
278 310
278 311
279 310
279 312
279 313
280 316
281 314
282 283
282 317
282 318
283 286
283 317
283 318
284 285
284 286
284 318
285 286
285 318
286 317
286 318
287 288
287 289
287 319
288 289
288 319
288 320
289 319
289 320
290 291
290 296
290 323
291 296
291 323
292 294
292 324
293 294
293 325
294 325
294 326
295 327
295 328
296 323
297 298
297 305
297 307
298 302
298 307
298 329
298 330
298 331
298 332
299 300
299 303
299 333
300 301
300 303
300 334
302 303
302 331
302 332
302 335
302 336
303 333
303 337
303 338
304 305
304 321
305 306
305 322
306 322
306 330
307 312
307 313
307 332
307 339
308 309
308 340
309 340
310 311
310 313
310 341
311 313
311 341
311 342
311 343
312 313
312 344
313 339
314 345
314 346
315 347
315 348
315 349
315 350
316 349
316 350
316 351
317 318
319 320
319 352
319 353
320 352
320 353
321 354
321 355
321 356
321 357
322 358
322 359
323 360
323 361
324 325
324 375
325 376
326 377
326 378
326 379
326 380
326 381
327 381
327 382
328 381
328 382
329 330
329 331
329 362
330 363
330 364
331 335
331 365
332 336
332 344
333 334
333 337
333 338
333 366
333 383
334 375
334 376
334 383
334 384
334 385
335 365
335 367
335 368
335 369
336 344
336 367
336 370
336 371
337 338
337 366
338 366
339 341
339 343
339 372
340 373
340 374
341 342
341 343
341 372
342 343
343 372
344 371
345 346
346 347
347 348
347 350
348 349
348 350
349 350
349 351
350 351
352 353
352 386
352 387
353 386
353 387
353 388
354 356
354 357
354 392
355 356
355 357
355 389
355 390
356 357
356 389
357 389
357 391
358 359
358 392
358 393
359 392
359 393
359 394
360 361
361 396
361 397
361 398
362 363
362 364
362 400
363 364
364 399
365 368
365 401
366 402
367 369
367 370
367 371
367 403
368 369
368 401
368 404
368 405
369 403
369 406
369 407
370 371
370 403
370 408
370 409
371 409
371 410
372 411
372 412
373 374
373 413
373 414
374 413
374 414
374 415
374 416
375 376
375 385
376 384
376 385
376 418
377 379
377 380
377 419
378 418
378 419
378 420
378 421
379 380
379 381
379 419
380 381
380 382
381 382
383 384
383 421
383 422
384 385
386 387
387 388
387 425
388 425
388 426
389 390
389 391
389 427
390 391
390 427
390 428
390 429
391 428
391 429
392 393
392 395
393 394
394 395
396 397
396 398
397 398
397 430
397 431
398 430
398 431
398 432
399 433
399 434
400 401
401 404
402 435
402 436
402 437
402 438
403 406
403 408
403 409
404 405
404 439
405 407
405 439
405 440
406 407
406 437
406 438
406 441
407 437
407 440
407 441
408 409
408 417
409 410
409 417
410 442
410 443
410 444
411 412
411 445
411 446
412 445
412 446
412 447
412 448
413 414
413 452
414 453
415 449
415 453
416 449
416 450
416 451
418 420
418 421
418 423
419 420
420 421
420 424
421 422
421 423
421 424
422 423
425 426
425 454
425 455
425 456
426 454
426 455
426 456
427 428
427 429
427 457
427 458
427 459
428 429
428 458
428 459
429 458
429 459
430 431
430 432
430 460
431 432
431 434
431 460
431 461
432 460
432 461
433 434
433 461
433 462
433 463
434 460
434 461
434 462
434 463
434 464
435 436
435 438
436 437
436 438
436 441
436 465
437 438
437 441
438 441
438 465
439 466
440 466
440 467
440 468
441 465
441 467
442 443
442 469
443 444
443 469
443 470
444 469
444 470
444 471
445 446
446 447
446 448
446 472
447 448
447 472
448 472
448 473
448 474
449 450
449 475
450 451
450 471
451 469
451 470
451 474
452 453
454 456
455 456
455 476
455 477
455 478
456 476
456 478
457 459
457 478
458 459
460 461
461 462
461 463
462 463
463 464
465 479
465 480
466 468
467 468
467 481
468 481
468 482
469 470
469 471
470 471
471 474
471 483
472 473
473 484
473 485
474 475
474 485
475 484
475 485
475 486
475 487
476 477
476 478
476 488
477 478
477 488
477 489
478 488
478 489
478 490
479 480
479 491
480 491
480 492
481 482
481 493
482 494
483 485
483 486
483 487
483 495
483 496
483 497
484 485
484 486
485 486
485 487
486 487
486 496
487 496
487 497
488 489
488 490
489 490
491 492
491 497
491 498
493 494
493 501
494 501
494 502
495 496
495 497
495 498
495 499
496 497
496 500
497 499
497 502
498 499
499 500
501 502
